799	0
799	669
799	0
799	6
799	1100
799	0
799	669
799	0
799	0
799	669
799	0
799	6
799	32
799	6
799	0
799	1100
799	1100
799	0
799	0
799	1100
799	1100
799	0
799	6
799	0
799	669
799	145
799	4
799	0
799	6
799	0
799	6
799	1100
799	0
799	669
799	1100
799	0
799	669
799	0
799	6
799	32
799	6
799	0
799	1100
799	1100
799	0
799	669
799	0
799	6
799	0
799	6
799	0
799	669
799	145
799	5
799	1100
799	0
799	6
799	0
799	669
799	0
799	6
799	0
799	0
799	6
799	1100
799	0
799	6
799	1100
799	0
799	1100
799	0
799	1100
799	1100
799	0
799	6
799	617
799	9
799	1100
799	0
799	1100
799	1100
799	0
799	669
799	145
799	1399
799	1100
799	1100
799	0
799	669
799	145
799	1399
799	0
799	6
799	617
799	9
799	1100
799	0
799	0
799	6
799	27
799	6
799	1100
799	0
799	669
799	1100
799	0
799	0
799	669
799	145
799	4
799	1100
799	0
799	669
799	1100
799	1100
799	1100
799	1100
799	0
799	6
799	0
799	669
799	1100
799	0
799	669
799	1100
799	1100
799	0
799	669
799	0
799	0
799	1100
799	0
799	0
799	6
799	1100
799	0
799	6
799	0
799	669
799	0
799	6
799	0
799	0
799	1100
799	1100
799	0
799	6
799	617
799	6
1100	799
1100	799
1100	799
1100	0
1100	799
1100	0
1100	799
1100	0
1100	669
1100	0
1100	799
1100	799
1100	0
1100	799
1100	799
1100	0
1100	799
1100	0
1100	669
1100	145
1100	799
1100	0
1100	799
1100	0
1100	799
1100	799
1100	0
1100	799
1100	799
1100	0
1100	799
1100	0
1100	799
1100	0
1100	799
1100	0
1100	6
1100	0
1100	799
1100	0
1100	669
1100	0
1100	799
1100	0
1100	669
1100	0
1100	799
1100	799
1100	0
1100	799
1100	0
1100	669
1100	0
1100	799
1100	799
1100	799
1100	0
1100	669
1100	0
1100	799
1100	799
1100	0
1100	799
1100	0
1100	669
1100	0
1100	799
1100	799
1100	0
1100	799
1100	0
1100	669
1100	0
1100	799
1100	0
1100	669
1100	0
1100	799
1100	0
1100	669
1100	145
1100	799
1100	0
1100	6
1100	617
1100	799
1100	0
1100	669
1100	0
1100	799
1100	0
1100	799
1100	799
1100	799
1100	799
1100	799
1100	0
1100	799
1100	0
1100	799
1100	0
1100	799
1100	799
1100	0
1100	799
1100	0
1100	669
1100	0
1100	799
1100	0
1100	6
1100	32
1100	799
1100	0
1100	6
1100	32
1100	799
1100	0
1100	6
1100	0
1100	799
1100	799
1100	799
1100	799
1100	0
1100	799
1100	799
1100	799
1100	799
1100	799
1100	799
1100	799
1100	0
1100	669
1100	0
1100	799
1100	0
1100	6
1100	32
1100	799
1100	799
1100	799
1100	799
1100	0
1100	799
1100	799
1100	799
1100	799
1100	0
1100	799
1100	799
1100	799
1100	799
1100	0
1100	799
1100	799
1100	799
1100	799
1100	0
1100	799
1100	0
1100	669
1100	0
6	32
6	32
6	27
6	2
6	280
6	2
6	27
6	617
6	9
6	27
6	2
6	27
6	2
6	32
6	32
6	0
6	27
6	2
6	32
6	0
6	32
6	32
6	27
6	2
6	1381
6	1401
6	32
6	617
6	27
6	2
6	99
6	249
6	617
6	9
6	617
6	9
6	0
6	799
6	0
6	0
6	669
6	0
6	799
6	0
6	617
6	9
6	27
6	617
6	0
6	799
6	0
6	799
6	32
6	617
6	9
6	617
6	9
6	617
6	9
6	32
6	0
6	617
6	617
6	617
6	0
6	799
6	27
6	0
6	799
6	27
6	2
6	275
6	2
6	617
6	9
6	617
6	9
6	617
6	9
6	617
6	9
6	32
6	0
6	799
6	617
6	9
6	1400
6	9
6	32
6	27
6	32
6	0
6	799
6	32
6	27
6	27
6	0
6	32
6	27
6	617
6	27
6	2
6	0
6	799
6	0
6	669
6	32
6	617
6	32
6	32
6	0
6	799
6	1100
6	799
6	27
6	2
6	280
6	281
6	27
6	617
6	617
6	9
6	1400
6	9
6	27
6	0
6	669
6	617
6	617
6	617
6	9
6	617
6	27
6	0
6	0
6	799
6	1100
6	799
6	32
6	0
6	32
6	27
6	2
6	0
6	799
6	1100
6	799
6	0
6	27
32	6
32	27
32	6
32	27
32	6
32	27
32	6
32	6
32	6
32	6
32	27
32	6
32	0
32	6
32	27
32	6
32	6
32	27
32	6
32	0
32	6
32	27
32	6
32	617
32	6
32	0
32	799
32	0
32	6
32	0
32	6
32	617
32	6
32	27
32	6
32	27
32	6
32	0
32	669
32	145
32	6
32	27
32	6
32	6
32	27
32	6
32	617
32	6
32	6
32	617
32	6
32	617
32	9
32	1400
32	6
32	27
32	2
32	27
32	6
32	617
32	9
32	617
32	6
32	617
32	9
32	1400
32	6
32	617
32	6
32	0
32	6
32	27
32	6
32	0
32	6
32	6
32	6
32	0
32	6
32	617
32	6
32	6
32	6
32	6
32	6
32	0
32	669
32	0
32	6
32	617
32	9
32	1400
32	6
32	27
32	2
32	1381
32	6
32	0
32	669
32	0
32	6
32	617
32	9
32	617
32	6
32	0
32	799
32	1100
32	6
32	6
32	27
32	6
32	27
32	6
32	0
32	6
32	617
32	6
32	27
32	6
32	617
32	9
32	1400
32	6
32	27
32	2
32	522
32	6
32	6
32	0
32	6
32	6
32	0
32	6
32	6
32	6
32	27
32	2
32	99
32	6
32	27
32	6
32	6
32	617
32	6
32	0
32	6
32	27
32	2
32	522
32	6
32	6
32	6
32	0
32	799
32	1100
32	6
32	617
32	6
32	27
32	6
32	0
32	6
32	617
32	6
32	617
32	6
32	6
32	617
32	9
32	617
32	6
32	6
32	0
32	6
32	27
32	6
32	0
669	0
669	6
669	0
669	145
669	5
669	145
669	5
669	145
669	1399
669	145
669	4
669	145
669	0
669	0
669	799
669	1100
669	799
669	0
669	6
669	27
669	6
669	0
669	799
669	1100
669	799
669	145
669	1399
669	145
669	1399
669	145
669	0
669	6
669	0
669	799
669	1100
669	799
669	145
669	1399
669	145
669	1399
669	145
669	0
669	6
669	0
669	799
669	1100
669	799
669	145
669	5
669	145
669	5
669	145
669	145
669	4
669	0
669	799
669	1100
669	799
669	145
669	1399
669	145
669	145
669	1399
669	145
669	0
669	145
669	0
669	0
669	0
669	6
669	27
669	2
669	0
669	6
669	617
669	6
669	145
669	5
669	145
669	5
669	145
669	5
669	145
669	1399
669	0
669	6
669	0
669	0
669	6
669	617
669	6
669	0
669	6
669	32
669	6
669	145
669	5
669	145
669	0
669	6
669	32
669	6
669	0
669	0
669	6
669	0
669	145
669	1399
669	145
669	5
669	145
669	1399
669	145
669	4
669	260
669	4
669	0
669	6
669	27
669	2
669	145
669	4
669	145
669	0
669	6
669	27
669	2
669	145
669	4
669	408
669	566
669	0
669	0
669	145
669	1399
669	145
669	1399
669	145
669	4
669	100
669	4
669	145
669	4
669	255
669	1397
669	145
669	5
669	145
669	5
669	145
669	145
669	1399
669	0
669	0
669	6
669	145
669	0
669	145
669	0
669	799
669	145
669	5
669	145
669	5
669	145
669	0
669	799
669	145
669	145
669	5
669	0
669	145
669	1399
145	669
145	0
145	6
145	0
145	669
145	669
145	0
145	4
145	192
145	4
145	192
145	1399
145	1399
145	669
145	0
145	799
145	1100
145	4
145	1402
145	4
145	192
145	669
145	1399
145	1399
145	5
145	5
145	1399
145	5
145	4
145	1402
145	669
145	0
145	799
145	1100
145	5
145	1399
145	669
145	0
145	669
145	0
145	1399
145	4
145	192
145	5
145	5
145	5
145	1399
145	5
145	5
145	1399
145	1399
145	5
145	4
145	408
145	4
145	260
145	4
145	408
145	1399
145	4
145	322
145	5
145	1399
145	4
145	408
145	566
145	408
145	1399
145	4
145	100
145	1399
145	669
145	5
145	1399
145	4
145	260
145	63
145	260
145	1399
145	669
145	669
145	4
145	322
145	1399
145	1399
145	669
145	669
145	0
145	4
145	5
145	669
145	0
145	669
145	0
145	1399
145	1399
145	4
145	945
145	4
145	192
145	669
145	0
145	799
145	1100
145	1399
145	5
145	5
145	669
145	0
145	669
145	0
145	799
145	0
145	5
145	4
145	945
145	4
145	255
145	1397
145	255
145	1399
145	669
145	4
145	255
145	4
145	100
145	5
145	1399
145	4
145	255
145	4
145	408
145	4
145	322
145	1403
145	322
145	5
145	669
145	4
145	100
145	191
145	100
145	1399
145	4
145	1402
145	1399
145	1399
27	6
27	617
27	6
27	0
27	2
27	77
27	2
27	77
27	6
27	0
27	6
27	617
27	2
27	22
27	224
27	22
27	2
27	275
27	2
27	275
27	2
27	22
27	224
27	22
27	6
27	32
27	6
27	0
27	6
27	0
27	6
27	617
27	2
27	82
27	2
27	2
27	1381
27	1401
27	1381
27	2
27	280
27	2
27	275
27	2
27	22
27	224
27	22
27	6
27	0
27	799
27	1100
27	2
27	280
27	281
27	280
27	2
27	82
27	2
27	275
27	6
27	32
27	6
27	0
27	2
27	1381
27	1401
27	1381
27	2
27	522
27	182
27	522
27	6
27	0
27	799
27	1100
27	6
27	32
27	6
27	32
27	6
27	32
27	6
27	0
27	6
27	0
27	669
27	145
27	6
27	2
27	2
27	280
27	2
27	22
27	2
27	522
27	2
27	77
27	2
27	280
27	281
27	280
27	6
27	6
27	617
27	2
27	522
27	2
27	1381
27	2
27	77
27	2
27	82
27	6
27	6
27	0
27	6
27	617
27	6
27	617
27	6
27	0
27	799
27	0
27	2
27	275
27	277
27	275
27	2
27	280
27	2
27	22
27	6
27	0
27	6
27	617
27	6
27	617
27	9
27	617
27	6
27	617
27	9
27	617
27	2
27	522
27	182
27	522
27	6
27	0
27	799
27	0
27	2
27	82
27	333
27	82
27	2
27	280
27	281
27	280
27	6
27	2
27	275
27	6
27	0
27	669
27	145
27	2
27	275
27	2
27	22
27	2
27	22
27	224
27	22
27	2
27	280
27	2
27	275
27	6
27	617
27	6
27	617
27	2
27	99
27	249
27	99
27	2
27	275
27	277
27	275
27	6
27	6
27	32
275	2
275	99
275	249
275	99
275	2
275	77
275	2
275	99
275	277
275	2
275	2
275	1381
275	2
275	27
275	277
275	2
275	82
275	2
275	22
275	224
275	22
275	2
275	522
275	2
275	277
275	2
275	27
275	277
275	2
275	522
275	2
275	22
275	2
275	1381
275	277
275	2
275	99
275	2
275	22
275	224
275	22
275	277
275	277
275	2
275	522
275	182
275	522
275	2
275	2
275	82
275	277
275	277
275	2
275	1381
275	1401
275	1381
275	2
275	1381
275	2
275	82
275	2
275	22
275	224
275	22
275	277
275	277
275	277
275	2
275	280
275	2
275	2
275	2
275	82
275	2
275	27
275	2
275	22
275	2
275	77
275	2
275	522
275	2
275	280
275	277
275	277
275	277
275	277
275	277
275	277
275	277
275	277
275	2
275	22
275	224
275	22
275	2
275	99
275	2
275	522
275	2
275	522
275	182
275	522
275	277
275	2
275	280
275	2
275	277
275	2
275	27
275	6
275	32
275	2
275	82
275	333
275	82
275	2
275	27
275	2
275	280
275	2
275	280
275	281
275	280
275	2
275	27
275	2
275	82
275	2
275	82
275	333
275	82
275	2
275	27
275	6
275	617
275	2
275	22
275	224
275	22
275	2
275	522
275	182
275	522
275	277
275	2
275	1381
275	277
275	277
275	277
275	277
275	277
275	277
275	2
275	99
275	249
275	99
275	277
275	277
275	2
275	27
275	2
277	275
277	2
277	22
277	2
277	275
277	275
277	2
277	275
277	2
277	280
277	281
277	275
277	2
277	82
277	2
277	275
277	275
277	275
277	275
277	275
277	275
277	2
277	275
277	2
277	99
277	2
277	275
277	2
277	1381
277	1401
277	275
277	275
277	275
277	2
277	99
277	2
277	275
277	275
277	275
277	275
277	275
277	275
277	275
277	2
277	1381
277	1401
277	275
277	275
277	2
277	275
277	275
277	2
277	275
277	2
277	275
277	275
277	275
277	275
277	275
277	2
277	275
277	2
277	280
277	281
277	275
277	2
277	99
277	249
277	275
277	2
277	1381
277	2
277	275
277	2
277	522
277	182
277	275
277	275
277	275
277	275
277	275
277	2
277	280
277	281
277	275
277	2
277	275
277	275
277	2
277	280
277	281
277	275
277	2
277	27
277	6
277	275
277	2
277	522
277	182
277	275
277	2
277	82
277	2
277	275
277	275
277	2
277	275
277	275
277	2
277	275
277	2
277	275
277	2
277	275
277	275
277	2
277	275
277	2
277	27
277	2
277	275
277	275
277	2
277	275
277	275
277	275
277	2
277	275
277	275
277	2
277	22
277	224
277	275
277	2
277	27
277	2
277	275
277	2
277	280
277	2
277	275
277	275
277	275
277	275
277	2
277	275
277	2
277	27
277	6
277	275
277	275
277	2
277	275
277	275
277	2
277	275
277	275
277	275
277	275
82	333
82	2
82	280
82	333
82	2
82	1381
82	2
82	77
82	87
82	77
82	333
82	333
82	2
82	280
82	281
82	280
82	2
82	27
82	2
82	99
82	333
82	2
82	1381
82	2
82	27
82	2
82	99
82	333
82	2
82	77
82	333
82	333
82	2
82	22
82	224
82	22
82	333
82	333
82	2
82	275
82	2
82	77
82	333
82	2
82	27
82	333
82	2
82	280
82	333
82	333
82	2
82	22
82	2
82	99
82	333
82	333
82	333
82	2
82	522
82	333
82	333
82	333
82	2
82	280
82	333
82	333
82	2
82	2
82	99
82	333
82	333
82	333
82	2
82	522
82	333
82	333
82	2
82	2
82	99
82	2
82	99
82	2
82	522
82	333
82	333
82	2
82	22
82	2
82	77
82	2
82	99
82	249
82	99
82	2
82	27
82	6
82	27
82	333
82	2
82	77
82	333
82	333
82	333
82	333
82	2
82	280
82	2
82	275
82	333
82	2
82	27
82	333
82	333
82	333
82	2
82	522
82	333
82	333
82	333
82	333
82	2
82	77
82	87
82	77
82	2
82	522
82	2
82	1381
82	2
82	22
82	2
82	99
82	2
82	99
82	2
82	27
82	333
82	2
82	522
82	2
82	22
82	224
82	22
82	333
82	333
82	333
82	333
82	333
82	2
82	99
333	82
333	2
333	22
333	224
333	82
333	2
333	280
333	281
333	82
333	2
333	77
333	2
333	82
333	82
333	82
333	82
333	82
333	2
333	99
333	249
333	82
333	2
333	82
333	82
333	2
333	99
333	249
333	82
333	2
333	1381
333	2
333	82
333	2
333	275
333	277
333	82
333	82
333	2
333	82
333	82
333	82
333	82
333	2
333	82
333	82
333	82
333	2
333	27
333	2
333	82
333	2
333	22
333	2
333	82
333	82
333	2
333	82
333	82
333	2
333	82
333	82
333	82
333	2
333	99
333	2
333	82
333	2
333	1381
333	1401
333	82
333	2
333	77
333	87
333	82
333	2
333	27
333	6
333	82
333	2
333	1381
333	1401
333	82
333	82
333	82
333	82
333	82
333	2
333	77
333	87
333	82
333	82
333	2
333	82
333	2
333	99
333	249
333	82
333	2
333	522
333	2
333	82
333	2
333	1381
333	2
333	82
333	2
333	82
333	2
333	82
333	82
333	2
333	82
333	2
333	99
333	249
333	82
333	2
333	22
333	2
333	82
333	82
333	82
333	82
333	82
333	82
333	2
333	82
333	2
333	27
333	6
333	82
333	2
333	82
333	82
333	2
333	1381
333	2
333	82
333	82
333	2
333	82
333	82
333	2
333	82
333	2
333	77
333	2
333	82
333	2
333	27
333	6
333	82
333	82
333	82
333	2
333	275
333	2
333	82
333	2
333	82
333	82
333	2
333	77
333	2
333	82
333	82
280	2
280	281
280	2
280	27
280	2
280	82
280	281
280	281
280	2
280	77
280	87
280	77
280	2
280	1381
280	2
280	1381
280	2
280	1381
280	1401
280	1381
280	2
280	281
280	2
280	77
280	87
280	77
280	281
280	2
280	27
280	281
280	281
280	281
280	281
280	281
280	281
280	2
280	99
280	249
280	99
280	281
280	2
280	522
280	281
280	2
280	1381
280	281
280	281
280	281
280	281
280	281
280	281
280	2
280	1381
280	1401
280	1381
280	2
280	281
280	2
280	1381
280	2
280	275
280	281
280	281
280	2
280	1381
280	2
280	522
280	281
280	2
280	2
280	1381
280	1401
280	1381
280	2
280	22
280	224
280	22
280	2
280	22
280	2
280	2
280	281
280	281
280	281
280	281
280	281
280	2
280	2
280	82
280	2
280	522
280	182
280	522
280	281
280	2
280	22
280	281
280	281
280	281
280	2
280	281
280	281
280	281
280	2
280	275
280	281
280	2
280	275
280	2
280	27
280	2
280	1381
280	2
280	27
280	6
280	0
280	281
280	2
280	99
280	2
280	281
280	281
280	2
280	522
280	2
280	275
280	2
280	22
280	2
280	2
280	82
280	2
280	82
280	2
280	1381
280	2
280	275
280	2
280	281
280	281
280	2
280	275
280	277
280	275
280	281
280	281
281	280
281	2
281	22
281	224
281	280
281	2
281	22
281	2
281	280
281	280
281	2
281	280
281	2
281	22
281	2
281	280
281	2
281	77
281	2
281	280
281	2
281	1381
281	1401
281	280
281	2
281	99
281	249
281	280
281	2
281	522
281	182
281	280
281	2
281	522
281	2
281	280
281	280
281	2
281	280
281	280
281	280
281	2
281	275
281	277
281	280
281	2
281	77
281	87
281	280
281	2
281	27
281	6
281	280
281	280
281	280
281	280
281	280
281	280
281	2
281	280
281	2
281	1381
281	2
281	280
281	2
281	1381
281	2
281	280
281	280
281	280
281	280
281	280
281	280
281	280
281	2
281	22
281	2
281	280
281	280
281	280
281	280
281	2
281	280
281	2
281	280
281	280
281	2
281	99
281	249
281	280
281	280
281	280
281	280
281	2
281	280
281	280
281	280
281	2
281	27
281	6
281	280
281	2
281	27
281	6
281	280
281	2
281	275
281	2
281	280
281	280
281	280
281	280
281	2
281	280
281	2
281	27
281	2
281	280
281	2
281	82
281	333
281	280
281	2
281	99
281	249
281	280
281	2
281	522
281	182
281	280
281	2
281	99
281	2
281	280
281	2
281	77
281	2
281	280
281	280
281	2
281	280
281	2
281	275
281	277
281	280
281	2
281	27
281	6
281	280
281	2
281	77
281	2
281	280
281	2
281	82
281	333
281	280
281	280
281	280
281	2
281	280
281	2
281	280
281	280
281	2
281	280
281	2
281	275
281	2
1381	2
1381	2
1381	82
1381	2
1381	77
1381	87
1381	77
1381	2
1381	99
1381	2
1381	27
1381	2
1381	27
1381	6
1381	27
1381	2
1381	280
1381	281
1381	280
1381	2
1381	99
1381	2
1381	27
1381	2
1381	99
1381	249
1381	99
1381	1401
1381	2
1381	77
1381	1401
1381	2
1381	27
1381	1401
1381	2
1381	280
1381	2
1381	1401
1381	1401
1381	1401
1381	1401
1381	1401
1381	2
1381	280
1381	281
1381	280
1381	1401
1381	2
1381	275
1381	2
1381	22
1381	224
1381	22
1381	2
1381	275
1381	2
1381	275
1381	2
1381	22
1381	224
1381	22
1381	2
1381	99
1381	2
1381	522
1381	2
1381	99
1381	2
1381	22
1381	1401
1381	1401
1381	1401
1381	2
1381	99
1381	2
1381	99
1381	2
1381	27
1381	1401
1381	2
1381	82
1381	1401
1381	2
1381	280
1381	2
1381	82
1381	333
1381	82
1381	2
1381	22
1381	2
1381	280
1381	2
1381	275
1381	277
1381	275
1381	2
1381	82
1381	2
1381	280
1381	2
1381	82
1381	2
1381	82
1381	2
1381	280
1381	281
1381	280
1381	2
1381	275
1381	277
1381	275
1381	1401
1381	2
1381	522
1381	1401
1381	1401
1381	1401
1381	2
1381	27
1381	2
1381	82
1381	2
1381	27
1381	2
1381	280
1381	281
1381	280
1381	2
1381	280
1381	2
1381	77
1381	2
1381	275
1381	277
1381	275
1381	1401
1381	1401
1381	1401
1381	2
1381	1401
1381	1401
1381	2
1381	82
1381	2
1381	82
1381	1401
1381	1401
1381	2
1381	280
1381	281
1381	280
1381	2
1381	77
1381	2
1381	27
1381	1401
1381	1401
1381	1401
1381	2
1381	2
1381	99
1381	249
1381	99
1381	1401
1381	2
1381	99
1401	1381
1401	2
1401	522
1401	2
1401	1381
1401	2
1401	77
1401	2
1401	1381
1401	1381
1401	2
1401	1381
1401	2
1401	77
1401	2
1401	1381
1401	1381
1401	2
1401	1381
1401	2
1401	275
1401	277
1401	1381
1401	2
1401	522
1401	182
1401	1381
1401	1381
1401	1381
1401	2
1401	22
1401	224
1401	1381
1401	1381
1401	2
1401	1381
1401	2
1401	280
1401	2
1401	1381
1401	2
1401	22
1401	2
1401	1381
1401	2
1401	77
1401	2
1401	1381
1401	1381
1401	2
1401	1381
1401	1381
1401	1381
1401	2
1401	280
1401	281
1401	1381
1401	2
1401	275
1401	277
1401	1381
1401	1381
1401	2
1401	1381
1401	1381
1401	1381
1401	2
1401	1381
1401	1381
1401	1381
1401	2
1401	1381
1401	2
1401	82
1401	2
1401	1381
1401	1381
1401	2
1401	1381
1401	2
1401	280
1401	281
1401	1381
1401	2
1401	280
1401	2
1401	1381
1401	2
1401	27
1401	2
1401	1381
1401	2
1401	77
1401	2
1401	1381
1401	2
1401	275
1401	2
1401	1381
1401	2
1401	522
1401	2
1401	1381
1401	1381
1401	2
1401	1381
1401	1381
1401	2
1401	1381
1401	2
1401	77
1401	2
1401	1381
1401	1381
1401	2
1401	1381
1401	2
1401	99
1401	2
1401	1381
1401	2
1401	99
1401	249
1401	1381
1401	2
1401	275
1401	2
1401	1381
1401	2
1401	280
1401	2
1401	1381
1401	1381
1401	2
1401	1381
1401	1381
1401	2
1401	1381
1401	2
1401	99
1401	249
1401	1381
1401	1381
1401	2
1401	1381
1401	1381
1401	1381
1401	1381
1401	2
1401	1381
1401	2
1401	275
1401	2
1401	1381
1401	2
1401	280
1401	281
1401	1381
1401	1381
1401	2
1401	1381
1401	1381
1401	1381
1401	2
1401	280
1401	2
1401	1381
1401	2
1401	82
1401	2
1401	1381
1401	1381
22	2
22	522
22	182
22	522
22	2
22	1381
22	1401
22	1381
22	2
22	275
22	277
22	275
22	224
22	224
22	224
22	2
22	99
22	224
22	2
22	280
22	2
22	99
22	2
22	82
22	2
22	27
22	2
22	280
22	224
22	2
22	522
22	2
22	82
22	2
22	82
22	2
22	99
22	2
22	224
22	224
22	2
22	77
22	87
22	77
22	2
22	1381
22	1401
22	1381
22	2
22	2
22	82
22	2
22	275
22	2
22	27
22	224
22	2
22	77
22	2
22	27
22	2
22	522
22	224
22	224
22	2
22	77
22	87
22	77
22	2
22	522
22	2
22	280
22	224
22	2
22	1381
22	224
22	224
22	224
22	224
22	2
22	27
22	6
22	32
22	2
22	280
22	281
22	280
22	2
22	2
22	27
22	224
22	2
22	522
22	2
22	27
22	2
22	77
22	224
22	2
22	275
22	2
22	99
22	249
22	99
22	224
22	224
22	224
22	2
22	280
22	2
22	99
22	2
22	27
22	224
22	224
22	2
22	1381
22	2
22	1381
22	224
22	2
22	1381
22	2
22	27
22	2
22	99
22	224
22	224
22	224
22	224
22	224
22	224
22	2
22	280
22	281
22	280
22	2
22	99
22	2
22	77
22	2
22	280
22	2
22	77
22	2
22	280
22	2
22	1381
22	224
22	224
22	224
22	224
22	2
22	77
22	87
22	77
22	224
22	2
22	522
22	2
22	27
22	2
22	1381
224	22
224	22
224	22
224	22
224	2
224	22
224	22
224	2
224	22
224	2
224	82
224	2
224	22
224	22
224	22
224	22
224	22
224	22
224	2
224	22
224	2
224	27
224	6
224	22
224	2
224	275
224	2
224	22
224	2
224	77
224	87
224	22
224	22
224	2
224	22
224	22
224	2
224	22
224	22
224	22
224	2
224	82
224	333
224	22
224	2
224	27
224	6
224	22
224	22
224	22
224	2
224	280
224	2
224	22
224	2
224	27
224	2
224	22
224	2
224	99
224	2
224	22
224	2
224	522
224	2
224	22
224	2
224	99
224	249
224	22
224	22
224	22
224	2
224	99
224	249
224	22
224	22
224	2
224	22
224	22
224	22
224	2
224	27
224	2
224	22
224	2
224	275
224	277
224	22
224	2
224	22
224	2
224	22
224	2
224	280
224	2
224	22
224	2
224	280
224	281
224	22
224	2
224	275
224	277
224	22
224	22
224	22
224	2
224	522
224	2
224	22
224	2
224	99
224	2
224	22
224	2
224	275
224	277
224	22
224	22
224	22
224	2
224	27
224	2
224	22
224	2
224	77
224	87
224	22
224	22
224	2
224	22
224	2
224	27
224	6
224	22
224	22
224	22
224	2
224	27
224	6
224	22
224	22
224	22
224	2
224	99
224	2
224	22
224	22
224	22
224	2
224	22
224	2
224	22
224	22
224	22
224	22
224	22
224	2
224	77
224	2
224	22
224	2
224	22
224	2
77	87
77	87
77	87
77	87
77	2
77	99
77	249
77	99
77	87
77	87
77	87
77	87
77	2
77	82
77	2
77	280
77	87
77	87
77	87
77	87
77	2
77	522
77	2
77	1381
77	87
77	2
77	27
77	2
77	280
77	2
77	522
77	2
77	275
77	277
77	275
77	2
77	99
77	2
77	27
77	87
77	87
77	2
77	280
77	281
77	280
77	87
77	87
77	87
77	87
77	87
77	2
77	522
77	87
77	2
77	275
77	87
77	87
77	87
77	87
77	87
77	2
77	99
77	87
77	87
77	87
77	87
77	2
77	522
77	2
77	22
77	87
77	87
77	2
77	22
77	2
77	280
77	87
77	2
77	99
77	87
77	2
77	82
77	87
77	87
77	2
77	2
77	280
77	87
77	2
77	82
77	87
77	87
77	87
77	87
77	2
77	522
77	2
77	82
77	87
77	87
77	87
77	2
77	522
77	2
77	280
77	281
77	280
77	87
77	87
77	87
77	2
77	275
77	87
77	2
77	1381
77	2
77	275
77	277
77	275
77	2
77	275
77	277
77	275
77	2
77	99
77	2
77	275
77	2
77	275
77	2
77	82
77	87
77	87
77	2
77	99
77	2
77	522
77	87
77	87
77	2
77	27
77	6
77	27
77	87
77	87
87	77
87	77
87	77
87	2
87	522
87	2
87	77
87	77
87	77
87	77
87	2
87	77
87	2
87	77
87	2
87	77
87	2
87	275
87	2
87	77
87	77
87	77
87	77
87	2
87	77
87	77
87	2
87	77
87	77
87	2
87	77
87	2
87	275
87	277
87	77
87	77
87	77
87	2
87	77
87	77
87	77
87	2
87	77
87	2
87	27
87	6
87	77
87	2
87	77
87	2
87	77
87	2
87	77
87	77
87	2
87	27
87	6
87	77
87	77
87	77
87	2
87	99
87	2
87	77
87	2
87	522
87	2
87	77
87	2
87	99
87	2
87	77
87	77
87	77
87	77
87	2
87	77
87	77
87	2
87	77
87	2
87	82
87	2
87	77
87	2
87	280
87	281
87	77
87	2
87	522
87	182
87	77
87	2
87	275
87	2
87	77
87	77
87	77
87	77
87	2
87	77
87	77
87	77
87	2
87	99
87	249
87	77
87	77
87	77
87	77
87	77
87	2
87	275
87	2
87	77
87	2
87	77
87	2
87	77
87	2
87	77
87	2
87	77
87	2
87	77
87	2
87	77
87	2
87	99
87	2
87	77
87	2
87	27
87	6
87	77
87	77
87	77
87	2
87	82
87	2
87	77
87	77
87	2
87	77
87	2
87	22
87	2
87	77
87	77
87	2
87	77
87	2
87	82
87	2
87	77
87	2
87	82
87	333
87	77
87	2
87	280
87	2
87	77
87	77
87	2
99	2
99	2
99	522
99	2
99	82
99	333
99	82
99	2
99	275
99	277
99	275
99	2
99	275
99	2
99	22
99	2
99	249
99	249
99	249
99	2
99	27
99	6
99	0
99	2
99	77
99	87
99	77
99	2
99	522
99	182
99	522
99	2
99	275
99	2
99	27
99	2
99	82
99	333
99	82
99	2
99	280
99	2
99	77
99	249
99	249
99	249
99	249
99	2
99	275
99	2
99	280
99	2
99	77
99	87
99	77
99	2
99	82
99	333
99	82
99	2
99	2
99	2
99	77
99	2
99	2
99	522
99	182
99	522
99	2
99	82
99	2
99	27
99	249
99	2
99	275
99	2
99	77
99	2
99	522
99	249
99	2
99	280
99	249
99	249
99	2
99	22
99	2
99	249
99	249
99	2
99	77
99	2
99	275
99	249
99	2
99	1381
99	249
99	2
99	27
99	249
99	249
99	249
99	2
99	82
99	249
99	2
99	77
99	249
99	2
99	22
99	249
99	2
99	275
99	2
99	280
99	2
99	2
99	82
99	2
99	77
99	249
99	249
99	249
99	249
99	249
99	2
99	2
99	2
99	82
99	249
99	249
99	2
99	22
99	2
99	1381
99	249
99	2
99	275
99	249
99	2
99	2
99	275
99	2
99	77
99	249
99	2
99	280
99	2
99	1381
99	2
99	77
99	249
99	2
99	522
99	2
99	522
99	182
99	522
249	99
249	99
249	2
249	99
249	2
249	77
249	87
249	99
249	2
249	275
249	277
249	99
249	99
249	2
249	99
249	2
249	27
249	2
249	99
249	99
249	99
249	99
249	2
249	99
249	99
249	99
249	2
249	99
249	99
249	2
249	1381
249	2
249	99
249	99
249	99
249	99
249	99
249	2
249	22
249	224
249	99
249	2
249	280
249	281
249	99
249	99
249	99
249	2
249	522
249	182
249	99
249	2
249	280
249	2
249	99
249	99
249	2
249	99
249	99
249	99
249	99
249	2
249	99
249	99
249	99
249	2
249	275
249	2
249	99
249	2
249	82
249	333
249	99
249	99
249	2
249	99
249	99
249	2
249	99
249	2
249	27
249	2
249	99
249	99
249	2
249	99
249	99
249	99
249	2
249	1381
249	1401
249	99
249	2
249	280
249	281
249	99
249	99
249	2
249	99
249	2
249	82
249	333
249	99
249	99
249	99
249	2
249	275
249	2
249	99
249	2
249	77
249	2
249	99
249	2
249	22
249	224
249	99
249	99
249	2
249	99
249	2
249	99
249	2
249	99
249	99
249	99
249	2
249	99
249	99
249	2
249	275
249	2
249	99
249	99
249	99
249	2
249	77
249	87
249	99
249	2
249	77
249	2
249	99
249	99
249	2
249	99
249	99
249	2
249	99
249	2
249	27
249	6
249	99
249	2
249	99
249	99
249	2
249	280
249	281
249	99
249	2
249	522
249	182
522	2
522	275
522	2
522	275
522	2
522	77
522	2
522	82
522	2
522	22
522	2
522	22
522	182
522	2
522	27
522	182
522	182
522	2
522	27
522	2
522	1381
522	2
522	1381
522	1401
522	1381
522	2
522	275
522	2
522	275
522	2
522	280
522	281
522	280
522	2
522	99
522	249
522	99
522	182
522	182
522	182
522	2
522	275
522	2
522	275
522	277
522	275
522	2
522	2
522	27
522	182
522	2
522	280
522	2
522	22
522	224
522	22
522	2
522	1381
522	2
522	22
522	2
522	99
522	2
522	2
522	82
522	2
522	280
522	182
522	2
522	2
522	182
522	182
522	182
522	2
522	82
522	2
522	182
522	182
522	2
522	82
522	333
522	82
522	2
522	275
522	277
522	275
522	2
522	22
522	224
522	22
522	182
522	182
522	2
522	275
522	2
522	22
522	2
522	82
522	2
522	82
522	2
522	22
522	2
522	22
522	182
522	2
522	182
522	182
522	182
522	2
522	22
522	2
522	1381
522	1401
522	1381
522	182
522	182
522	182
522	2
522	27
522	2
522	2
522	99
522	2
522	182
522	182
522	182
522	2
522	280
522	2
522	280
522	182
522	2
522	1381
522	2
522	22
522	2
522	1381
522	182
522	2
522	280
522	2
522	275
522	277
522	275
522	182
522	2
522	280
522	2
522	2
522	1381
522	182
522	182
522	182
522	182
522	182
522	2
522	99
182	522
182	2
182	280
182	281
182	522
182	2
182	77
182	87
182	522
182	2
182	522
182	2
182	522
182	2
182	99
182	2
182	522
182	2
182	77
182	87
182	522
182	2
182	522
182	2
182	522
182	522
182	2
182	522
182	2
182	522
182	2
182	522
182	2
182	77
182	2
182	522
182	2
182	275
182	2
182	522
182	2
182	275
182	277
182	522
182	522
182	522
182	2
182	280
182	281
182	522
182	522
182	2
182	522
182	2
182	77
182	87
182	522
182	2
182	522
182	522
182	522
182	2
182	522
182	2
182	22
182	224
182	522
182	522
182	522
182	522
182	2
182	522
182	2
182	22
182	224
182	522
182	2
182	280
182	281
182	522
182	522
182	522
182	522
182	2
182	522
182	522
182	522
182	2
182	27
182	2
182	522
182	522
182	522
182	2
182	522
182	522
182	2
182	99
182	2
182	522
182	522
182	2
182	522
182	2
182	22
182	2
182	522
182	2
182	82
182	2
182	522
182	2
182	275
182	2
182	522
182	2
182	22
182	224
182	522
182	2
182	77
182	87
182	522
182	2
182	275
182	2
182	522
182	2
182	77
182	2
182	522
182	522
182	2
182	522
182	522
182	2
182	522
182	522
182	2
182	522
182	522
182	522
182	522
182	522
182	522
182	522
182	522
182	2
182	522
182	2
182	280
182	281
182	522
182	522
182	522
182	522
182	2
182	522
182	2
182	27
182	6
182	522
182	2
182	99
182	2
182	522
182	522
182	2
398	126
398	126
398	3
398	3
398	126
398	126
398	3
398	3
398	780
398	3
398	126
398	3
398	780
398	3
398	896
398	126
398	126
398	3
398	896
398	3
398	780
398	3
398	780
398	316
398	780
398	3
398	780
398	3
398	3
398	896
398	1204
398	896
398	3
398	896
398	3
398	126
398	3
398	896
398	126
398	126
398	126
398	126
398	126
398	3
398	780
398	3
398	780
398	3
398	896
398	126
398	3
398	780
398	3
398	780
398	316
398	780
398	3
398	780
398	3
398	780
398	3
398	3
398	3
398	896
398	3
398	3
398	780
398	3
398	3
398	780
398	3
398	780
398	126
398	3
398	3
398	126
398	126
398	3
398	780
398	3
398	3
398	3
398	896
398	3
398	780
398	126
398	3
398	3
398	896
398	1204
398	896
398	3
398	896
398	1204
398	896
398	3
398	896
398	1204
398	896
398	3
398	896
398	3
398	896
398	126
398	126
398	3
398	3
398	896
398	3
398	780
398	3
398	896
398	126
398	126
398	126
398	126
398	3
398	3
398	896
398	3
398	896
398	3
398	896
398	126
398	126
398	126
398	3
398	126
398	3
398	780
398	126
398	126
398	126
398	126
398	126
398	126
398	126
398	3
398	896
398	3
398	780
398	3
398	780
398	126
398	126
126	398
126	3
126	398
126	398
126	398
126	398
126	3
126	398
126	398
126	398
126	398
126	3
126	896
126	1204
126	398
126	398
126	3
126	398
126	3
126	896
126	3
126	398
126	398
126	398
126	398
126	3
126	398
126	3
126	398
126	398
126	398
126	3
126	398
126	3
126	398
126	3
126	398
126	3
126	398
126	398
126	3
126	896
126	1204
126	398
126	398
126	398
126	3
126	780
126	3
126	398
126	3
126	398
126	3
126	398
126	3
126	896
126	3
126	398
126	3
126	896
126	3
126	398
126	398
126	3
126	398
126	398
126	398
126	398
126	3
126	398
126	3
126	896
126	3
126	398
126	398
126	398
126	398
126	3
126	398
126	398
126	3
126	398
126	3
126	896
126	3
126	398
126	398
126	398
126	398
126	3
126	398
126	3
126	398
126	398
126	3
126	780
126	3
126	398
126	398
126	3
126	398
126	3
126	896
126	3
126	398
126	398
126	398
126	398
126	3
126	398
126	3
126	896
126	1204
126	398
126	398
126	3
126	398
126	398
126	3
126	398
126	3
126	398
126	398
126	3
126	780
126	316
126	398
126	3
126	780
126	3
126	398
126	398
126	3
126	398
126	398
126	3
126	398
126	3
126	398
126	3
126	398
126	3
126	398
126	398
126	398
126	3
126	398
126	398
126	3
126	398
126	398
126	398
126	3
126	398
126	3
126	398
126	3
126	780
126	316
780	3
780	896
780	3
780	896
780	316
780	316
780	316
780	316
780	316
780	316
780	3
780	896
780	1204
780	896
780	316
780	3
780	398
780	3
780	316
780	316
780	3
780	316
780	3
780	316
780	316
780	3
780	3
780	3
780	896
780	3
780	896
780	316
780	3
780	398
780	3
780	398
780	126
780	398
780	3
780	3
780	398
780	316
780	3
780	896
780	316
780	316
780	3
780	896
780	3
780	896
780	316
780	3
780	3
780	316
780	3
780	316
780	3
780	896
780	3
780	896
780	3
780	398
780	126
780	398
780	316
780	316
780	316
780	316
780	3
780	896
780	3
780	896
780	3
780	896
780	3
780	3
780	398
780	126
780	398
780	316
780	3
780	398
780	316
780	3
780	3
780	398
780	3
780	3
780	398
780	126
780	398
780	316
780	3
780	398
780	3
780	3
780	398
780	3
780	3
780	398
780	3
780	398
780	126
780	398
780	3
780	316
780	3
780	398
780	126
780	398
780	3
780	3
780	398
780	3
780	896
780	1204
780	896
780	3
780	3
780	896
780	316
780	316
780	3
780	896
780	3
780	398
780	3
780	398
780	126
780	398
780	316
780	3
780	316
780	3
780	896
780	316
780	316
780	3
780	398
780	126
780	398
780	3
780	316
780	316
780	3
780	896
316	780
316	3
316	398
316	3
316	780
316	3
316	896
316	3
316	780
316	3
316	780
316	3
316	780
316	3
316	780
316	3
316	780
316	780
316	3
316	780
316	780
316	3
316	780
316	3
316	398
316	126
316	780
316	3
316	780
316	780
316	780
316	780
316	780
316	3
316	780
316	3
316	780
316	780
316	780
316	3
316	780
316	780
316	780
316	780
316	3
316	780
316	3
316	398
316	3
316	780
316	3
316	398
316	126
316	780
316	3
316	398
316	126
316	780
316	3
316	398
316	3
316	780
316	3
316	780
316	3
316	780
316	780
316	780
316	3
316	780
316	780
316	3
316	780
316	3
316	780
316	780
316	3
316	780
316	3
316	398
316	3
316	780
316	3
316	398
316	3
316	780
316	780
316	780
316	780
316	3
316	780
316	780
316	3
316	780
316	780
316	780
316	3
316	398
316	3
316	780
316	780
316	780
316	3
316	896
316	1204
316	780
316	780
316	780
316	780
316	3
316	780
316	780
316	780
316	780
316	780
316	780
316	780
316	780
316	3
316	780
316	3
316	896
316	3
316	780
316	780
316	3
316	780
316	3
316	896
316	1204
316	780
316	780
316	780
316	3
316	896
316	1204
316	780
316	3
316	398
316	3
316	780
316	780
316	780
316	3
316	398
316	126
316	780
316	780
316	780
316	780
316	780
316	3
316	780
316	780
316	3
316	398
316	126
896	3
896	1204
896	1204
896	1204
896	1204
896	3
896	3
896	398
896	126
896	398
896	1204
896	1204
896	1204
896	3
896	1204
896	3
896	398
896	3
896	1204
896	1204
896	3
896	3
896	780
896	3
896	780
896	1204
896	3
896	398
896	1204
896	3
896	398
896	3
896	1204
896	1204
896	1204
896	3
896	398
896	126
896	398
896	3
896	398
896	126
896	398
896	1204
896	3
896	398
896	1204
896	1204
896	3
896	398
896	126
896	398
896	3
896	1204
896	3
896	398
896	126
896	398
896	1204
896	3
896	780
896	1204
896	1204
896	1204
896	3
896	1204
896	1204
896	1204
896	1204
896	1204
896	1204
896	3
896	398
896	126
896	398
896	3
896	780
896	3
896	398
896	3
896	780
896	3
896	3
896	1204
896	3
896	398
896	126
896	398
896	1204
896	3
896	1204
896	1204
896	1204
896	3
896	398
896	3
896	780
896	3
896	780
896	1204
896	1204
896	3
896	1204
896	3
896	780
896	3
896	1204
896	1204
896	3
896	398
896	3
896	398
896	3
896	398
896	3
896	780
896	3
896	398
896	126
896	398
896	1204
896	1204
896	1204
896	1204
896	1204
896	3
896	3
896	780
896	3
896	398
896	3
896	398
896	126
896	398
896	3
896	1204
896	3
896	780
896	3
896	780
1204	896
1204	896
1204	3
1204	896
1204	896
1204	3
1204	896
1204	3
1204	896
1204	3
1204	896
1204	896
1204	896
1204	896
1204	3
1204	896
1204	3
1204	780
1204	316
1204	896
1204	896
1204	896
1204	3
1204	780
1204	316
1204	896
1204	896
1204	896
1204	896
1204	896
1204	896
1204	3
1204	896
1204	3
1204	896
1204	3
1204	896
1204	3
1204	896
1204	3
1204	896
1204	3
1204	398
1204	126
1204	896
1204	896
1204	896
1204	896
1204	3
1204	896
1204	896
1204	896
1204	3
1204	896
1204	3
1204	896
1204	3
1204	398
1204	3
1204	896
1204	896
1204	3
1204	896
1204	3
1204	896
1204	896
1204	3
1204	896
1204	896
1204	896
1204	3
1204	896
1204	896
1204	896
1204	3
1204	896
1204	3
1204	896
1204	896
1204	896
1204	896
1204	896
1204	896
1204	3
1204	896
1204	896
1204	896
1204	896
1204	896
1204	896
1204	896
1204	3
1204	780
1204	3
1204	896
1204	3
1204	780
1204	3
1204	896
1204	3
1204	398
1204	126
1204	896
1204	896
1204	3
1204	896
1204	3
1204	780
1204	3
1204	896
1204	3
1204	398
1204	126
1204	896
1204	896
1204	896
1204	3
1204	780
1204	3
1204	896
1204	3
1204	896
1204	3
1204	896
1204	3
1204	896
1204	896
1204	3
1204	896
1204	3
1204	896
1204	3
1204	398
1204	3
1204	896
1204	896
1204	3
1204	896
1204	896
1204	3
1204	896
1204	3
1204	896
1204	896
1204	896
1204	896
1204	3
1204	780
1204	316
1204	896
1204	896
1204	3
1204	896
1204	3
1204	780
1204	316
255	1397
255	4
255	322
255	1397
255	4
255	192
255	4
255	1397
255	4
255	945
255	4
255	145
255	4
255	4
255	260
255	1397
255	4
255	4
255	260
255	63
255	260
255	4
255	145
255	669
255	0
255	4
255	4
255	945
255	1397
255	4
255	192
255	4
255	192
255	4
255	408
255	1397
255	1397
255	1397
255	4
255	4
255	260
255	4
255	192
255	4
255	192
255	910
255	192
255	4
255	408
255	4
255	145
255	1397
255	1397
255	4
255	4
255	145
255	4
255	260
255	63
255	260
255	4
255	408
255	4
255	192
255	4
255	260
255	63
255	260
255	4
255	1397
255	4
255	408
255	4
255	1402
255	4
255	945
255	383
255	945
255	1397
255	1397
255	1397
255	1397
255	4
255	100
255	191
255	100
255	4
255	260
255	4
255	145
255	4
255	260
255	4
255	145
255	4
255	260
255	63
255	260
255	4
255	145
255	669
255	145
255	4
255	945
255	383
255	945
255	4
255	1402
255	71
255	1402
255	4
255	4
255	945
255	1397
255	1397
255	1397
255	1397
255	1397
255	1397
255	1397
255	1397
255	1397
255	4
255	408
255	4
255	100
255	4
255	322
255	1397
255	1397
255	4
255	260
255	63
255	260
255	4
255	322
255	4
255	408
255	1397
255	4
255	1397
255	1397
255	4
255	1402
255	71
255	1402
255	4
255	945
255	4
255	1402
255	1397
255	4
255	260
255	4
255	100
255	4
255	145
255	1397
255	1397
1397	255
1397	4
1397	192
1397	4
1397	255
1397	4
1397	192
1397	4
1397	255
1397	255
1397	4
1397	255
1397	4
1397	408
1397	4
1397	255
1397	255
1397	255
1397	255
1397	255
1397	4
1397	260
1397	4
1397	255
1397	255
1397	255
1397	4
1397	255
1397	255
1397	4
1397	322
1397	1403
1397	255
1397	255
1397	255
1397	255
1397	4
1397	255
1397	4
1397	408
1397	566
1397	255
1397	255
1397	255
1397	4
1397	1402
1397	4
1397	255
1397	255
1397	255
1397	255
1397	255
1397	4
1397	255
1397	255
1397	4
1397	322
1397	1403
1397	255
1397	255
1397	4
1397	255
1397	255
1397	4
1397	255
1397	255
1397	4
1397	255
1397	255
1397	255
1397	4
1397	192
1397	4
1397	255
1397	4
1397	322
1397	4
1397	255
1397	4
1397	1402
1397	4
1397	255
1397	4
1397	145
1397	1399
1397	255
1397	255
1397	4
1397	255
1397	4
1397	408
1397	566
1397	255
1397	255
1397	4
1397	255
1397	255
1397	255
1397	4
1397	100
1397	4
1397	255
1397	4
1397	100
1397	4
1397	255
1397	255
1397	255
1397	4
1397	100
1397	191
1397	255
1397	4
1397	322
1397	4
1397	255
1397	255
1397	4
1397	255
1397	255
1397	4
1397	255
1397	255
1397	4
1397	255
1397	4
1397	100
1397	191
1397	255
1397	4
1397	260
1397	63
1397	255
1397	4
1397	322
1397	1403
1397	255
1397	255
1397	255
1397	255
1397	255
1397	4
1397	145
1397	4
1397	255
1397	255
1397	255
1397	4
1397	255
1397	4
1397	255
1397	255
1397	4
1397	255
1397	4
1397	145
1397	1399
1397	255
1397	4
1397	145
1397	1399
945	4
945	145
945	4
945	192
945	4
945	260
945	63
945	260
945	383
945	4
945	383
945	383
945	383
945	4
945	255
945	383
945	383
945	383
945	4
945	408
945	4
945	192
945	910
945	192
945	4
945	260
945	4
945	260
945	383
945	4
945	100
945	4
945	408
945	566
945	408
945	4
945	192
945	4
945	4
945	1402
945	4
945	192
945	383
945	4
945	145
945	4
945	192
945	4
945	1402
945	383
945	4
945	408
945	383
945	383
945	383
945	383
945	4
945	322
945	1403
945	322
945	383
945	383
945	383
945	4
945	255
945	383
945	383
945	383
945	383
945	4
945	192
945	910
945	192
945	4
945	322
945	4
945	255
945	4
945	192
945	4
945	260
945	383
945	4
945	408
945	4
945	255
945	1397
945	255
945	4
945	408
945	566
945	408
945	4
945	145
945	4
945	255
945	383
945	383
945	383
945	4
945	192
945	4
945	145
945	1399
945	145
945	383
945	4
945	145
945	383
945	4
945	322
945	4
945	100
945	4
945	408
945	4
945	260
945	4
945	4
945	100
945	4
945	255
945	383
945	4
945	1402
945	383
945	4
945	100
945	383
945	4
945	1402
945	4
945	145
945	1399
945	145
945	4
945	408
945	566
945	408
945	383
945	383
945	4
945	100
945	191
945	100
945	383
945	383
945	383
945	383
945	383
945	4
945	322
945	383
945	4
945	322
945	4
945	1402
945	71
945	1402
383	945
383	4
383	255
383	1397
383	945
383	4
383	1402
383	4
383	945
383	4
383	145
383	4
383	945
383	4
383	408
383	566
383	945
383	945
383	4
383	945
383	945
383	4
383	945
383	4
383	192
383	910
383	945
383	4
383	100
383	191
383	945
383	945
383	945
383	4
383	192
383	910
383	945
383	4
383	260
383	4
383	945
383	945
383	4
383	945
383	945
383	945
383	4
383	145
383	4
383	945
383	945
383	945
383	4
383	945
383	945
383	945
383	4
383	945
383	945
383	4
383	945
383	945
383	4
383	945
383	945
383	945
383	4
383	945
383	4
383	945
383	945
383	945
383	945
383	4
383	945
383	945
383	945
383	945
383	4
383	945
383	4
383	945
383	945
383	945
383	945
383	4
383	145
383	4
383	945
383	945
383	4
383	945
383	4
383	1402
383	71
383	945
383	945
383	945
383	4
383	255
383	1397
383	945
383	945
383	945
383	4
383	192
383	910
383	945
383	945
383	945
383	4
383	322
383	1403
383	945
383	945
383	945
383	4
383	260
383	63
383	945
383	4
383	408
383	4
383	945
383	945
383	4
383	945
383	945
383	945
383	4
383	322
383	1403
383	945
383	945
383	945
383	4
383	260
383	63
383	945
383	4
383	322
383	4
383	945
383	4
383	322
383	4
383	945
383	945
383	945
383	4
383	408
383	4
383	945
383	4
383	945
383	945
383	4
383	322
383	4
408	566
408	566
408	4
408	1402
408	71
408	1402
408	566
408	566
408	4
408	566
408	4
408	322
408	1403
408	322
408	4
408	4
408	4
408	255
408	1397
408	255
408	4
408	192
408	4
408	566
408	566
408	566
408	566
408	566
408	4
408	145
408	566
408	566
408	4
408	145
408	4
408	260
408	4
408	322
408	1403
408	322
408	4
408	566
408	566
408	566
408	566
408	4
408	1402
408	4
408	260
408	63
408	260
408	566
408	4
408	322
408	4
408	260
408	4
408	945
408	4
408	945
408	383
408	945
408	4
408	4
408	145
408	566
408	4
408	260
408	566
408	4
408	1402
408	566
408	4
408	100
408	4
408	145
408	4
408	260
408	566
408	4
408	322
408	4
408	260
408	4
408	260
408	4
408	4
408	255
408	566
408	4
408	255
408	566
408	566
408	566
408	4
408	192
408	566
408	4
408	566
408	4
408	192
408	4
408	4
408	145
408	4
408	566
408	566
408	566
408	4
408	100
408	4
408	255
408	566
408	4
408	322
408	566
408	4
408	192
408	4
408	945
408	4
408	192
408	4
408	260
408	63
408	260
408	4
408	566
408	4
408	4
408	1402
408	566
408	566
408	4
408	322
408	1403
408	322
408	566
408	4
408	322
408	566
408	566
408	4
408	945
408	383
408	945
408	566
408	566
566	408
566	408
566	408
566	4
566	100
566	4
566	408
566	4
566	145
566	4
566	408
566	408
566	4
566	408
566	4
566	255
566	1397
566	408
566	4
566	255
566	1397
566	408
566	4
566	1402
566	4
566	408
566	408
566	4
566	408
566	4
566	1402
566	4
566	408
566	4
566	260
566	63
566	408
566	408
566	4
566	408
566	4
566	255
566	1397
566	408
566	408
566	4
566	408
566	408
566	408
566	408
566	4
566	408
566	4
566	1402
566	4
566	408
566	408
566	408
566	4
566	145
566	1399
566	408
566	4
566	100
566	191
566	408
566	4
566	255
566	4
566	408
566	4
566	945
566	4
566	408
566	408
566	4
566	408
566	408
566	4
566	408
566	408
566	4
566	408
566	408
566	408
566	4
566	945
566	383
566	408
566	4
566	192
566	910
566	408
566	408
566	408
566	4
566	260
566	4
566	408
566	4
566	100
566	191
566	408
566	4
566	322
566	1403
566	408
566	4
566	1402
566	71
566	408
566	408
566	408
566	4
566	322
566	4
566	408
566	4
566	260
566	4
566	408
566	408
566	4
566	408
566	408
566	408
566	4
566	100
566	191
566	408
566	4
566	1402
566	4
566	408
566	408
566	408
566	4
566	945
566	383
566	408
566	408
566	4
566	408
566	408
566	4
566	408
566	4
566	260
566	63
566	408
566	408
566	4
566	408
566	408
566	4
566	408
566	4
566	322
566	1403
566	408
566	4
566	1402
566	71
566	408
566	408
566	4
566	408
566	4
566	322
566	4
1399	145
1399	4
1399	145
1399	669
1399	145
1399	4
1399	945
1399	383
1399	145
1399	145
1399	5
1399	145
1399	145
1399	669
1399	145
1399	4
1399	255
1399	1397
1399	145
1399	4
1399	945
1399	4
1399	145
1399	669
1399	145
1399	669
1399	145
1399	5
1399	145
1399	145
1399	145
1399	4
1399	145
1399	5
1399	145
1399	669
1399	145
1399	145
1399	669
1399	145
1399	669
1399	0
1399	669
1399	145
1399	4
1399	255
1399	1397
1399	145
1399	5
1399	145
1399	669
1399	145
1399	4
1399	322
1399	4
1399	145
1399	5
1399	145
1399	5
1399	145
1399	5
1399	145
1399	5
1399	145
1399	669
1399	0
1399	669
1399	145
1399	669
1399	145
1399	4
1399	145
1399	5
1399	145
1399	669
1399	145
1399	145
1399	145
1399	145
1399	4
1399	145
1399	669
1399	0
1399	669
1399	145
1399	4
1399	322
1399	4
1399	145
1399	145
1399	4
1399	145
1399	145
1399	145
1399	669
1399	0
1399	669
1399	145
1399	4
1399	260
1399	4
1399	145
1399	669
1399	0
1399	799
1399	145
1399	145
1399	669
1399	145
1399	5
1399	145
1399	4
1399	145
1399	4
1399	145
1399	145
1399	4
1399	408
1399	4
1399	145
1399	145
1399	145
1399	4
1399	100
1399	191
1399	145
1399	5
1399	145
1399	5
1399	145
1399	4
1399	408
1399	566
1399	145
1399	4
1399	322
1399	4
1399	145
1399	669
1399	0
1399	669
1399	145
1399	145
1399	4
1399	145
1399	669
1399	145
1399	669
1399	145
1399	669
1399	145
1399	4
1399	145
1399	5
1399	145
1399	4
1399	145
1399	5
1399	145
1399	5
1399	145
1399	669
1399	145
1399	4
1399	145
1399	5
1399	145
1399	669
1399	145
1399	145
1399	4
1399	145
1399	145
1399	4
1399	145
1399	145
1399	4
1399	145
1399	5
1399	145
1399	669
260	63
260	4
260	408
260	63
260	4
260	192
260	63
260	4
260	945
260	63
260	4
260	255
260	4
260	4
260	1402
260	63
260	4
260	255
260	4
260	945
260	383
260	945
260	63
260	4
260	255
260	4
260	192
260	910
260	192
260	4
260	100
260	191
260	100
260	63
260	63
260	4
260	100
260	191
260	100
260	63
260	63
260	4
260	945
260	4
260	192
260	63
260	4
260	4
260	100
260	4
260	1402
260	63
260	63
260	4
260	145
260	1399
260	145
260	63
260	4
260	945
260	4
260	1402
260	4
260	322
260	63
260	63
260	63
260	4
260	255
260	63
260	4
260	255
260	63
260	63
260	63
260	63
260	63
260	4
260	192
260	4
260	322
260	4
260	255
260	4
260	145
260	669
260	145
260	4
260	4
260	145
260	63
260	63
260	4
260	100
260	4
260	1402
260	63
260	4
260	145
260	4
260	192
260	910
260	192
260	4
260	1402
260	4
260	192
260	63
260	63
260	63
260	63
260	63
260	63
260	4
260	100
260	4
260	145
260	4
260	1402
260	4
260	255
260	63
260	63
260	4
260	255
260	4
260	408
260	4
260	408
260	4
260	255
260	4
260	1402
260	4
260	322
260	63
260	4
260	945
260	63
260	4
260	145
260	4
260	945
260	4
260	322
260	4
260	145
260	669
260	145
260	63
260	63
260	4
260	192
260	4
260	1402
260	63
260	4
63	260
63	4
63	260
63	260
63	4
63	100
63	191
63	260
63	260
63	4
63	260
63	260
63	4
63	260
63	260
63	4
63	260
63	4
63	260
63	260
63	260
63	260
63	260
63	4
63	260
63	260
63	4
63	260
63	4
63	408
63	566
63	260
63	260
63	260
63	260
63	260
63	4
63	145
63	4
63	260
63	260
63	4
63	260
63	260
63	4
63	260
63	260
63	4
63	260
63	4
63	100
63	4
63	260
63	260
63	4
63	260
63	4
63	145
63	5
63	260
63	4
63	322
63	1403
63	260
63	4
63	255
63	4
63	260
63	4
63	100
63	4
63	260
63	260
63	4
63	260
63	4
63	255
63	4
63	260
63	4
63	145
63	4
63	260
63	260
63	4
63	260
63	4
63	100
63	191
63	260
63	4
63	260
63	260
63	4
63	145
63	1399
63	260
63	4
63	945
63	4
63	260
63	4
63	322
63	1403
63	260
63	260
63	4
63	260
63	4
63	1402
63	4
63	260
63	4
63	408
63	4
63	260
63	260
63	260
63	260
63	260
63	4
63	260
63	4
63	260
63	260
63	4
63	260
63	260
63	260
63	260
63	4
63	260
63	4
63	260
63	260
63	4
63	100
63	4
63	260
63	260
63	260
63	4
63	322
63	4
63	260
63	4
63	255
63	4
63	260
63	4
63	408
63	566
63	260
63	4
63	408
63	566
63	260
63	260
63	4
63	260
63	260
63	4
63	260
63	4
63	1402
63	71
192	4
192	1402
192	71
192	1402
192	4
192	255
192	4
192	408
192	4
192	1402
192	71
192	1402
192	4
192	910
192	910
192	910
192	910
192	910
192	4
192	1402
192	71
192	1402
192	910
192	4
192	100
192	4
192	260
192	63
192	260
192	4
192	260
192	63
192	260
192	4
192	322
192	1403
192	322
192	910
192	910
192	4
192	100
192	4
192	260
192	910
192	4
192	408
192	910
192	910
192	910
192	910
192	4
192	260
192	63
192	260
192	4
192	945
192	383
192	945
192	910
192	910
192	4
192	1402
192	71
192	1402
192	4
192	408
192	4
192	255
192	4
192	945
192	383
192	945
192	4
192	408
192	566
192	408
192	4
192	945
192	383
192	945
192	910
192	4
192	260
192	910
192	910
192	4
192	260
192	4
192	145
192	910
192	4
192	1402
192	4
192	1402
192	71
192	1402
192	910
192	4
192	1402
192	4
192	255
192	1397
192	255
192	910
192	4
192	945
192	910
192	910
192	910
192	4
192	408
192	4
192	1402
192	4
192	145
192	4
192	1402
192	71
192	1402
192	4
192	100
192	191
192	100
192	4
192	1402
192	4
192	408
192	910
192	4
192	255
192	4
192	145
192	1399
192	145
192	910
192	910
192	910
192	4
192	408
192	910
192	910
192	910
192	4
192	322
192	4
192	322
192	1403
192	322
192	910
192	910
192	4
192	1402
192	4
192	255
192	910
192	910
192	4
192	100
192	191
192	100
192	910
192	910
910	192
910	192
910	192
910	192
910	4
910	192
910	192
910	192
910	4
910	322
910	1403
910	192
910	4
910	255
910	1397
910	192
910	192
910	192
910	192
910	192
910	192
910	192
910	4
910	1402
910	4
910	192
910	192
910	4
910	192
910	4
910	145
910	669
910	192
910	192
910	192
910	192
910	4
910	192
910	4
910	408
910	4
910	192
910	4
910	192
910	192
910	4
910	322
910	4
910	192
910	4
910	1402
910	4
910	192
910	4
910	255
910	4
910	192
910	4
910	260
910	4
910	192
910	4
910	322
910	4
910	192
910	4
910	408
910	4
910	192
910	4
910	408
910	566
910	192
910	192
910	4
910	192
910	192
910	192
910	4
910	322
910	4
910	192
910	192
910	4
910	192
910	192
910	192
910	192
910	4
910	192
910	192
910	4
910	192
910	4
910	260
910	63
910	192
910	4
910	145
910	4
910	192
910	192
910	192
910	4
910	1402
910	71
910	192
910	4
910	408
910	566
910	192
910	4
910	260
910	4
910	192
910	4
910	145
910	5
910	192
910	4
910	145
910	669
910	192
910	192
910	192
910	192
910	192
910	4
910	322
910	1403
910	192
910	192
910	4
910	192
910	192
910	4
910	192
910	192
910	4
910	192
910	192
910	4
910	192
910	4
910	1402
910	4
910	192
910	4
910	322
910	4
910	192
910	192
910	192
910	192
910	192
910	192
910	4
910	192
910	192
1402	71
1402	4
1402	322
1402	4
1402	100
1402	4
1402	408
1402	71
1402	4
1402	322
1402	4
1402	260
1402	63
1402	260
1402	4
1402	192
1402	4
1402	322
1402	4
1402	255
1402	4
1402	4
1402	322
1402	1403
1402	322
1402	71
1402	71
1402	4
1402	260
1402	63
1402	260
1402	4
1402	255
1402	1397
1402	255
1402	4
1402	255
1402	1397
1402	255
1402	4
1402	100
1402	4
1402	945
1402	4
1402	192
1402	910
1402	192
1402	4
1402	408
1402	566
1402	408
1402	71
1402	71
1402	4
1402	100
1402	191
1402	100
1402	4
1402	945
1402	4
1402	408
1402	4
1402	145
1402	4
1402	100
1402	71
1402	4
1402	260
1402	4
1402	100
1402	4
1402	192
1402	71
1402	71
1402	4
1402	255
1402	1397
1402	255
1402	71
1402	71
1402	4
1402	408
1402	566
1402	408
1402	4
1402	945
1402	4
1402	260
1402	4
1402	192
1402	910
1402	192
1402	4
1402	100
1402	4
1402	322
1402	4
1402	322
1402	4
1402	255
1402	4
1402	145
1402	4
1402	255
1402	4
1402	408
1402	4
1402	260
1402	4
1402	100
1402	4
1402	4
1402	71
1402	71
1402	71
1402	4
1402	260
1402	63
1402	260
1402	4
1402	255
1402	1397
1402	255
1402	4
1402	322
1402	4
1402	192
1402	4
1402	255
1402	1397
1402	255
1402	4
1402	255
1402	4
1402	192
1402	4
1402	71
1402	71
1402	71
1402	71
1402	4
1402	260
1402	71
1402	71
1402	4
1402	945
1402	4
1402	100
1402	4
1402	945
1402	4
1402	255
1402	71
1402	4
1402	408
1402	4
1402	260
1402	4
1402	255
1402	4
1402	408
1402	4
1402	192
1402	4
1402	100
1402	191
1402	100
1402	71
1402	71
1402	71
1402	4
1402	322
71	1402
71	4
71	260
71	4
71	1402
71	1402
71	4
71	1402
71	4
71	260
71	63
71	1402
71	1402
71	4
71	1402
71	4
71	1402
71	4
71	1402
71	4
71	145
71	669
71	1402
71	4
71	408
71	4
71	1402
71	1402
71	4
71	1402
71	1402
71	4
71	1402
71	4
71	260
71	63
71	1402
71	4
71	408
71	4
71	1402
71	1402
71	4
71	1402
71	4
71	145
71	1399
71	1402
71	4
71	945
71	4
71	1402
71	4
71	100
71	191
71	1402
71	1402
71	1402
71	4
71	260
71	63
71	1402
71	1402
71	1402
71	1402
71	1402
71	1402
71	4
71	1402
71	1402
71	1402
71	1402
71	4
71	1402
71	4
71	100
71	4
71	1402
71	1402
71	1402
71	4
71	192
71	4
71	1402
71	4
71	408
71	4
71	1402
71	1402
71	4
71	1402
71	1402
71	1402
71	1402
71	4
71	1402
71	4
71	1402
71	1402
71	4
71	322
71	1403
71	1402
71	4
71	945
71	383
71	1402
71	1402
71	4
71	1402
71	1402
71	4
71	1402
71	1402
71	1402
71	1402
71	4
71	1402
71	1402
71	1402
71	4
71	1402
71	1402
71	4
71	1402
71	1402
71	4
71	145
71	4
71	1402
71	4
71	945
71	383
71	1402
71	4
71	260
71	4
71	1402
71	1402
71	1402
71	4
71	255
71	1397
71	1402
71	1402
71	4
71	1402
71	1402
71	4
71	1402
71	4
71	260
71	63
71	1402
71	1402
71	1402
71	4
71	100
71	191
71	1402
71	4
71	100
71	191
100	4
100	322
100	4
100	4
100	408
100	566
100	408
100	4
100	408
100	566
100	408
100	4
100	322
100	1403
100	322
100	191
100	191
100	4
100	1402
100	4
100	945
100	4
100	260
100	4
100	145
100	4
100	408
100	566
100	408
100	4
100	1402
100	71
100	1402
100	4
100	260
100	4
100	255
100	4
100	260
100	63
100	260
100	191
100	4
100	322
100	4
100	1402
100	71
100	1402
100	4
100	255
100	4
100	192
100	4
100	260
100	4
100	260
100	191
100	4
100	260
100	4
100	192
100	910
100	192
100	4
100	192
100	4
100	1402
100	191
100	4
100	260
100	191
100	4
100	408
100	4
100	192
100	4
100	192
100	191
100	4
100	191
100	191
100	4
100	191
100	4
100	191
100	4
100	260
100	4
100	1402
100	4
100	145
100	4
100	191
100	191
100	4
100	322
100	4
100	945
100	191
100	4
100	260
100	4
100	408
100	4
100	408
100	191
100	191
100	4
100	945
100	4
100	260
100	4
100	408
100	566
100	408
100	191
100	191
100	191
100	191
100	4
100	145
100	4
100	4
100	145
100	669
100	145
100	4
100	192
100	4
100	322
100	191
100	191
100	4
100	255
100	1397
100	255
100	4
100	322
100	4
100	260
100	4
100	945
100	4
100	255
100	4
100	1402
100	71
100	1402
100	191
100	4
100	4
100	192
100	910
100	192
100	191
100	4
100	1402
100	4
100	192
100	4
100	408
100	4
100	945
100	4
100	255
100	4
100	192
100	910
100	192
191	100
191	4
191	192
191	910
191	100
191	4
191	260
191	4
191	100
191	100
191	100
191	100
191	100
191	4
191	145
191	1399
191	100
191	100
191	100
191	4
191	260
191	63
191	100
191	4
191	192
191	910
191	100
191	100
191	100
191	4
191	260
191	63
191	100
191	100
191	4
191	100
191	4
191	145
191	669
191	100
191	100
191	100
191	4
191	1402
191	71
191	100
191	4
191	260
191	63
191	100
191	100
191	4
191	100
191	100
191	4
191	100
191	100
191	100
191	4
191	260
191	63
191	100
191	100
191	4
191	100
191	100
191	4
191	100
191	4
191	260
191	63
191	100
191	4
191	1402
191	4
191	100
191	100
191	100
191	100
191	4
191	100
191	4
191	145
191	669
191	100
191	100
191	100
191	100
191	4
191	100
191	4
191	145
191	669
191	100
191	100
191	100
191	4
191	1402
191	71
191	100
191	4
191	408
191	566
191	100
191	100
191	4
191	100
191	100
191	4
191	100
191	4
191	100
191	100
191	100
191	100
191	4
191	100
191	4
191	100
191	4
191	145
191	5
191	100
191	100
191	4
191	100
191	4
191	145
191	1399
191	100
191	4
191	1402
191	4
191	100
191	4
191	408
191	566
191	100
191	100
191	100
191	4
191	945
191	4
191	100
191	100
191	100
191	4
191	260
191	63
191	100
191	100
191	100
191	100
191	4
191	100
191	4
191	192
191	4
191	100
191	4
191	100
322	4
322	192
322	910
322	192
322	4
322	408
322	4
322	255
322	4
322	145
322	1399
322	145
322	4
322	408
322	566
322	408
322	4
322	1402
322	4
322	260
322	4
322	145
322	4
322	145
322	1403
322	4
322	408
322	1403
322	1403
322	4
322	100
322	4
322	408
322	1403
322	1403
322	1403
322	4
322	192
322	4
322	260
322	4
322	1402
322	4
322	255
322	4
322	1402
322	1403
322	4
322	145
322	1403
322	1403
322	4
322	255
322	1397
322	255
322	1403
322	4
322	260
322	1403
322	4
322	945
322	4
322	192
322	4
322	945
322	1403
322	1403
322	4
322	1402
322	4
322	145
322	1403
322	4
322	260
322	1403
322	1403
322	4
322	192
322	4
322	945
322	4
322	100
322	191
322	100
322	1403
322	4
322	945
322	1403
322	1403
322	4
322	100
322	4
322	145
322	4
322	100
322	4
322	945
322	1403
322	1403
322	1403
322	4
322	4
322	255
322	1397
322	255
322	1403
322	4
322	1402
322	4
322	145
322	5
322	145
322	4
322	255
322	4
322	145
322	1403
322	4
322	1403
322	1403
322	1403
322	1403
322	4
322	255
322	1397
322	255
322	4
322	145
322	5
322	145
322	1403
322	4
322	192
322	1403
322	4
322	1403
322	1403
322	1403
322	1403
322	1403
322	4
322	1402
322	4
322	408
322	4
322	255
322	4
322	408
322	4
322	145
322	4
322	100
322	191
322	100
322	4
322	4
322	945
322	1403
322	1403
1403	322
1403	4
1403	192
1403	4
1403	322
1403	322
1403	322
1403	322
1403	4
1403	322
1403	322
1403	4
1403	322
1403	322
1403	4
1403	322
1403	322
1403	322
1403	4
1403	255
1403	4
1403	322
1403	4
1403	100
1403	191
1403	322
1403	322
1403	322
1403	322
1403	4
1403	322
1403	322
1403	4
1403	322
1403	322
1403	4
1403	322
1403	322
1403	322
1403	4
1403	192
1403	910
1403	322
1403	322
1403	322
1403	322
1403	4
1403	322
1403	322
1403	322
1403	322
1403	4
1403	322
1403	322
1403	4
1403	322
1403	4
1403	945
1403	4
1403	322
1403	4
1403	255
1403	1397
1403	322
1403	4
1403	100
1403	191
1403	322
1403	322
1403	322
1403	322
1403	4
1403	322
1403	4
1403	1402
1403	4
1403	322
1403	4
1403	145
1403	4
1403	322
1403	4
1403	945
1403	383
1403	322
1403	4
1403	255
1403	4
1403	322
1403	4
1403	408
1403	566
1403	322
1403	322
1403	4
1403	322
1403	4
1403	945
1403	4
1403	322
1403	322
1403	4
1403	322
1403	322
1403	322
1403	322
1403	4
1403	322
1403	4
1403	322
1403	4
1403	322
1403	4
1403	192
1403	910
1403	322
1403	322
1403	4
1403	322
1403	322
1403	322
1403	322
1403	322
1403	322
1403	322
1403	4
1403	322
1403	4
1403	322
1403	4
1403	408
1403	4
1403	322
1403	4
1403	408
1403	566
1403	322
1403	4
1403	260
1403	4
1403	322
1403	322
1403	322
1403	4
1403	945
1403	383
1403	322
1403	4
1403	145
1403	4
1403	322
1403	4
1403	260
1403	4
1403	322
1403	322
1403	322
1403	322
1403	4
2	82
2	333
2	82
2	77
2	27
2	27
2	6
2	32
2	6
2	275
2	275
2	522
2	77
2	522
2	182
2	522
2	99
2	82
2	333
2	280
2	27
2	6
2	82
2	1381
2	22
2	224
2	22
2	224
2	77
2	99
2	249
2	22
2	224
2	22
2	224
2	22
2	280
2	281
2	280
2	281
2	280
2	281
2	77
2	522
2	182
2	77
2	280
2	77
2	87
2	77
2	77
2	280
2	281
2	82
2	27
2	82
2	275
2	275
2	82
2	522
2	182
2	522
2	22
2	224
2	22
2	224
2	77
2	280
2	281
2	99
2	522
2	280
2	82
2	77
2	22
2	280
2	281
2	280
2	275
2	27
2	6
2	77
2	1381
2	1401
2	99
2	522
2	182
2	280
2	99
2	280
2	281
2	280
2	1381
2	1401
2	1381
2	1401
2	280
2	99
2	249
2	275
2	277
2	275
2	522
2	182
2	522
2	182
2	99
2	249
2	99
2	249
2	82
2	280
2	281
2	82
2	333
2	82
2	333
2	99
2	99
2	22
2	522
2	27
2	6
2	0
2	6
2	82
2	82
2	333
2	99
2	249
2	99
2	1381
2	1401
2	1381
2	1401
2	280
2	275
2	277
2	22
2	27
2	99
2	249
2	99
2	249
2	1381
2	27
2	6
617	9
617	1400
617	304
617	1400
617	9
617	9
617	1400
617	9
617	6
617	0
617	9
617	1400
617	9
617	1400
617	9
617	6
617	27
617	9
617	6
617	27
617	6
617	6
617	6
617	32
617	6
617	9
617	1400
617	304
617	1400
617	9
617	9
617	9
617	9
617	9
617	9
617	1400
617	9
617	9
617	9
617	1400
617	9
617	9
617	6
617	27
617	6
617	32
617	6
617	9
617	9
617	9
617	6
617	27
617	6
617	0
617	799
617	0
617	9
617	9
617	1400
617	6
617	27
617	2
617	22
617	9
617	1400
617	9
617	9
617	1400
617	9
617	1400
617	9
617	1400
617	14
617	1400
617	9
617	1400
617	304
617	1400
617	6
617	9
617	1400
617	9
617	1400
617	304
617	1400
617	6
617	32
617	6
617	6
617	27
617	6
617	27
617	6
617	6
617	6
617	27
617	6
617	27
617	6
617	0
617	799
617	0
617	9
617	6
617	32
617	9
617	1400
617	304
617	1400
617	6
617	27
617	6
617	0
617	6
617	6
617	32
617	9
617	9
617	1400
617	9
617	1400
617	304
617	1400
617	9
617	1400
617	9
617	1400
617	9
617	6
617	6
617	32
617	6
617	9
617	1400
617	14
617	1400
617	6
617	6
617	27
617	9
617	6
617	9
617	9
617	1400
617	9
617	9
617	1400
617	9
617	6
617	6
617	32
617	6
617	0
617	6
617	32
617	6
617	27
617	6
617	0
617	6
617	27
9	617
9	6
9	32
9	6
9	617
9	617
9	1400
9	14
9	1400
9	1400
9	304
9	1400
9	304
9	617
9	6
9	27
9	2
9	1400
9	304
9	1400
9	14
9	1400
9	304
9	1400
9	304
9	1400
9	14
9	1400
9	14
9	617
9	6
9	32
9	6
9	1400
9	304
9	1400
9	304
9	1400
9	617
9	6
9	1400
9	14
9	1400
9	1400
9	14
9	1400
9	14
9	617
9	1400
9	304
9	617
9	1400
9	14
9	617
9	1400
9	617
9	6
9	617
9	6
9	1400
9	14
9	1400
9	14
9	1400
9	304
9	1400
9	617
9	617
9	1400
9	304
9	1400
9	1400
9	1400
9	617
9	1400
9	304
9	1400
9	14
9	1400
9	304
9	1400
9	1400
9	14
9	617
9	6
9	0
9	6
9	1400
9	617
9	6
9	617
9	1400
9	14
9	617
9	6
9	0
9	6
9	617
9	6
9	617
9	617
9	6
9	32
9	6
9	617
9	617
9	1400
9	14
9	1400
9	304
9	617
9	6
9	0
9	6
9	617
9	6
9	617
9	6
9	1400
9	14
9	1400
9	304
9	1400
9	304
9	1400
9	617
9	6
9	617
9	617
9	6
9	0
9	799
9	617
9	6
9	27
9	2
9	1400
9	304
9	1400
9	617
9	617
9	617
9	617
9	1400
9	1400
9	14
9	617
9	6
9	0
9	669
9	617
9	6
9	27
9	2
9	1400
9	304
9	1400
9	14
9	1400
9	304
9	1400
9	617
9	617
9	617
9	6
9	27
9	6
1400	14
1400	14
1400	14
1400	9
1400	304
1400	304
1400	304
1400	304
1400	14
1400	9
1400	14
1400	9
1400	14
1400	9
1400	617
1400	14
1400	9
1400	617
1400	304
1400	14
1400	304
1400	9
1400	304
1400	9
1400	304
1400	14
1400	14
1400	304
1400	304
1400	304
1400	14
1400	14
1400	9
1400	304
1400	14
1400	304
1400	14
1400	9
1400	14
1400	304
1400	304
1400	14
1400	304
1400	9
1400	14
1400	9
1400	617
1400	304
1400	14
1400	14
1400	304
1400	14
1400	9
1400	14
1400	14
1400	304
1400	304
1400	9
1400	617
1400	9
1400	9
1400	617
1400	9
1400	617
1400	304
1400	14
1400	304
1400	304
1400	14
1400	9
1400	617
1400	9
1400	14
1400	304
1400	304
1400	304
1400	14
1400	304
1400	304
1400	9
1400	617
1400	9
1400	617
1400	304
1400	14
1400	9
1400	9
1400	617
1400	304
1400	304
1400	304
1400	9
1400	304
1400	304
1400	9
1400	617
1400	6
1400	0
1400	9
1400	617
1400	9
1400	617
1400	14
1400	14
1400	304
1400	14
1400	9
1400	14
1400	14
1400	304
1400	304
1400	14
1400	14
1400	14
304	1400
304	1400
304	1400
304	9
304	617
304	9
304	1400
304	9
304	617
304	9
304	1400
304	1400
304	9
304	1400
304	1400
304	14
304	1400
304	1400
304	14
304	1400
304	1400
304	9
304	1400
304	14
304	1400
304	9
304	1400
304	9
304	1400
304	1400
304	9
304	617
304	9
304	1400
304	14
304	1400
304	14
304	1400
304	1400
304	14
304	1400
304	14
304	1400
304	1400
304	1400
304	9
304	1400
304	14
304	1400
304	14
304	1400
304	9
304	1400
304	9
304	1400
304	1400
304	1400
304	9
304	617
304	6
304	1400
304	14
304	1400
304	1400
304	14
304	1400
304	9
304	1400
304	1400
304	9
304	1400
304	9
304	617
304	6
304	1400
304	9
304	617
304	6
304	1400
304	1400
304	1400
304	9
304	1400
304	9
304	1400
304	14
304	1400
304	14
304	1400
304	1400
304	9
304	1400
304	9
304	617
304	6
304	1400
304	1400
304	9
304	1400
304	14
304	1400
304	1400
304	9
304	617
304	6
304	1400
304	9
304	1400
304	9
304	1400
304	14
304	1400
304	14
304	1400
304	9
304	1400
304	1400
304	14
304	1400
304	9
304	1400
304	14
304	1400
304	9
304	1400
304	1400
304	1400
304	9
304	1400
304	14
304	1400
304	1400
304	9
304	1400
304	14
304	1400
304	9
304	1400
304	14
304	1400
304	1400
304	9
304	1400
304	14
304	1400
304	14
304	1400
304	9
304	1400
304	1400
304	1400
304	1400
304	14
304	1400
304	9
304	1400
304	1400
304	14
304	1400
304	14
304	1400
304	9
304	617
304	6
304	1400
304	1400
304	14
304	1400
304	1400
304	14
607	96
607	11
607	96
607	11
607	96
607	11
607	11
607	11
607	96
607	11
607	11
607	96
607	96
607	11
607	96
607	96
607	96
607	11
607	96
607	11
607	11
607	11
607	11
607	11
607	11
607	11
607	96
607	11
607	96
607	96
607	11
607	96
607	96
607	96
607	11
607	96
607	96
607	96
607	96
607	11
607	11
607	96
607	11
607	96
607	96
607	11
607	11
607	96
607	11
607	96
607	11
607	11
607	96
607	11
607	11
607	96
607	96
607	96
607	96
607	96
607	96
607	96
607	96
607	96
607	11
607	96
607	11
607	96
607	96
607	96
607	11
607	11
607	11
607	96
607	96
607	11
607	96
607	96
607	96
607	11
607	11
607	11
607	11
607	11
607	11
607	11
607	96
607	11
607	11
607	96
607	11
607	96
607	96
607	11
607	96
607	96
607	11
607	96
607	11
607	11
96	607
96	607
96	11
96	607
96	11
96	607
96	11
96	607
96	11
96	607
96	11
96	607
96	11
96	607
96	11
96	607
96	11
96	607
96	607
96	607
96	607
96	11
96	607
96	11
96	607
96	607
96	607
96	11
96	607
96	11
96	607
96	607
96	11
96	607
96	11
96	607
96	607
96	11
96	607
96	607
96	11
96	607
96	607
96	11
96	607
96	11
96	607
96	607
96	607
96	607
96	11
96	607
96	607
96	11
96	607
96	607
96	607
96	11
96	607
96	11
96	607
96	607
96	11
96	607
96	607
96	11
96	607
96	11
96	607
96	11
96	607
96	607
96	11
96	607
96	607
96	11
96	607
96	607
96	607
96	607
96	11
96	607
96	11
96	607
96	607
96	11
96	607
96	607
96	607
96	607
96	607
96	607
96	607
96	607
96	607
96	11
96	607
96	11
96	607
96	11
96	607
96	11
96	607
96	11
96	607
96	607
96	11
96	607
96	11
96	607
96	11
96	607
96	607
96	607
96	11
96	607
96	607
96	11
96	607
96	11
96	607
96	11
96	607
96	11
96	607
96	607
96	11
96	607
96	607
96	11
96	607
96	607
96	607
96	11
96	607
96	11
96	607
96	11
96	607
96	607
96	607
96	11
96	607
96	607
96	607
96	607
96	11
96	607
96	607
96	607
96	11
96	607
550	1398
550	12
550	12
550	1398
550	1398
550	12
550	1398
550	1398
550	12
550	12
550	1398
550	1398
550	12
550	12
550	12
550	1398
550	12
550	12
550	1398
550	1398
550	12
550	12
550	12
550	1398
550	1398
550	12
550	1398
550	1398
550	1398
550	12
550	1398
550	12
550	12
550	12
550	12
550	1398
550	1398
550	1398
550	12
550	1398
550	12
550	12
550	1398
550	1398
550	12
550	1398
550	1398
550	12
550	1398
550	1398
550	1398
550	12
550	1398
550	12
550	1398
550	1398
550	12
550	1398
550	12
550	12
550	12
550	1398
550	1398
550	1398
550	12
550	1398
550	12
550	1398
550	1398
550	1398
550	1398
550	1398
550	12
550	12
550	12
550	12
550	1398
550	12
550	12
550	12
550	12
550	1398
550	12
550	12
550	12
550	12
550	12
550	12
550	12
550	12
550	1398
550	1398
550	1398
550	12
550	1398
550	12
550	1398
550	1398
550	1398
550	1398
1398	550
1398	12
1398	550
1398	12
1398	550
1398	550
1398	550
1398	550
1398	12
1398	550
1398	12
1398	550
1398	550
1398	12
1398	550
1398	12
1398	550
1398	550
1398	12
1398	550
1398	12
1398	550
1398	12
1398	550
1398	12
1398	550
1398	12
1398	550
1398	550
1398	550
1398	550
1398	12
1398	550
1398	12
1398	550
1398	12
1398	550
1398	12
1398	550
1398	12
1398	550
1398	550
1398	550
1398	12
1398	550
1398	12
1398	550
1398	550
1398	550
1398	12
1398	550
1398	550
1398	550
1398	12
1398	550
1398	12
1398	550
1398	550
1398	550
1398	550
1398	12
1398	550
1398	550
1398	550
1398	12
1398	550
1398	12
1398	550
1398	550
1398	550
1398	550
1398	12
1398	550
1398	550
1398	550
1398	12
1398	550
1398	12
1398	550
1398	550
1398	550
1398	550
1398	550
1398	12
1398	550
1398	550
1398	12
1398	550
1398	550
1398	550
1398	550
1398	12
1398	550
1398	12
1398	550
1398	12
1398	550
1398	550
1398	12
1398	550
1398	12
1398	550
1398	12
1398	550
1398	12
1398	550
1398	550
1398	550
1398	12
1398	550
1398	12
1398	550
1398	550
1398	550
1398	550
1398	12
1398	550
1398	550
1398	550
1398	12
1398	550
1398	550
1398	12
1398	550
1398	550
1398	12
1398	550
1398	550
1398	550
1398	550
1398	550
1398	550
1398	12
1398	550
1398	12
1398	550
1398	550
1398	550
1398	12
1398	550
1398	12
1398	550
1398	550
1398	550
1398	550
1398	12
1398	550
0	6
0	617
0	9
0	1400
0	799
0	1100
0	799
0	1100
0	799
0	6
0	6
0	6
0	799
0	1100
0	799
0	799
0	799
0	1100
0	669
0	145
0	669
0	145
0	799
0	6
0	617
0	6
0	617
0	9
0	1400
0	669
0	145
0	669
0	145
0	669
0	145
0	4
0	255
0	799
0	1100
0	799
0	1100
0	669
0	145
0	669
0	145
0	669
0	799
0	1100
0	6
0	6
0	669
0	6
0	617
0	6
0	617
0	9
0	617
0	6
0	617
0	6
0	27
0	799
0	799
0	1100
0	669
0	145
0	669
0	145
0	799
0	6
0	32
0	6
0	27
0	6
0	32
0	6
0	6
0	617
0	799
0	669
0	6
0	27
0	6
0	799
0	6
0	27
0	799
0	1100
0	799
0	6
0	32
0	6
0	617
0	6
0	6
0	799
0	669
0	145
0	6
0	6
0	6
0	617
0	9
0	1400
0	799
0	799
0	1100
0	669
0	145
0	4
0	322
0	799
0	1100
0	799
0	799
0	799
0	1100
0	669
0	6
0	6
0	32
0	6
0	32
0	669
0	145
0	4
0	255
0	669
0	799
0	1100
0	799
0	1100
0	799
0	669
0	669
0	145
0	6
0	27
0	6
0	617
0	799
0	799
0	1100
0	669
0	145
0	669
0	145
0	6
0	27
0	6
0	27
0	799
0	1100
0	799
0	1100
0	669
0	145
0	1399
0	145
0	669
0	6
0	27
0	6
0	799
4	145
4	1399
4	145
4	260
4	260
4	63
4	100
4	191
4	100
4	191
4	322
4	945
4	383
4	100
4	191
4	100
4	192
4	910
4	192
4	255
4	192
4	910
4	255
4	260
4	145
4	5
4	145
4	5
4	145
4	5
4	145
4	669
4	1402
4	100
4	191
4	100
4	191
4	100
4	408
4	145
4	669
4	260
4	63
4	260
4	63
4	100
4	192
4	910
4	1402
4	255
4	1397
4	100
4	191
4	100
4	255
4	1397
4	255
4	1397
4	145
4	669
4	145
4	5
4	322
4	1403
4	322
4	1403
4	1402
4	1402
4	71
4	322
4	1403
4	322
4	255
4	260
4	63
4	945
4	100
4	255
4	1397
4	255
4	1402
4	71
4	1402
4	260
4	100
4	192
4	1402
4	192
4	910
4	192
4	1402
4	71
4	1402
4	100
4	260
4	1402
4	145
4	192
4	910
4	192
4	322
4	1402
4	1402
4	255
4	1397
4	1402
4	71
4	1402
4	71
4	322
4	1403
4	322
4	1403
4	192
4	945
4	383
4	945
4	383
4	945
4	145
4	669
4	145
4	1399
4	255
4	145
4	669
4	192
4	408
4	322
4	255
4	1397
4	408
4	255
4	408
4	260
4	255
4	1397
4	255
4	1397
4	100
4	191
4	100
4	408
4	566
4	408
4	566
4	100
4	1402
4	71
4	1402
4	71
4	1402
11	607
11	607
11	607
11	607
11	607
11	607
11	607
11	96
11	607
11	96
11	607
11	607
11	607
11	607
11	96
11	607
11	96
11	607
11	607
11	607
11	607
11	96
11	607
11	96
11	607
11	607
11	96
11	607
11	607
11	96
11	607
11	607
11	96
11	607
11	607
11	96
11	607
11	96
11	607
11	607
11	607
11	607
11	96
11	607
11	607
11	96
11	607
11	607
11	96
11	607
11	607
11	96
11	607
11	96
11	607
11	607
11	96
11	607
11	607
11	607
11	96
11	607
11	96
11	607
11	96
11	607
11	96
11	607
11	607
11	607
11	607
11	96
11	607
11	96
11	607
11	607
11	607
11	607
11	96
11	607
11	607
11	96
11	607
11	607
11	607
11	96
11	607
11	96
11	607
11	607
11	607
11	607
11	96
11	607
11	96
11	607
11	607
11	96
11	607
11	96
11	607
11	607
11	96
11	607
11	96
11	607
11	96
11	607
11	96
11	607
11	607
11	96
11	607
11	96
11	607
11	96
11	607
11	96
11	607
11	607
11	607
11	607
11	96
11	607
11	607
11	607
11	96
11	607
11	607
11	96
11	607
11	96
11	607
11	96
11	607
11	607
11	607
11	607
11	607
11	607
11	607
11	607
11	607
11	607
11	96
3	896
3	780
3	398
3	896
3	398
3	780
3	316
3	398
3	126
3	398
3	780
3	316
3	780
3	316
3	398
3	896
3	1204
3	896
3	1204
3	896
3	1204
3	896
3	896
3	780
3	316
3	780
3	316
3	780
3	316
3	780
3	316
3	398
3	780
3	316
3	398
3	896
3	780
3	316
3	780
3	316
3	398
3	126
3	398
3	896
3	780
3	398
3	126
3	398
3	780
3	316
3	780
3	316
3	398
3	126
3	398
3	398
3	126
3	398
3	126
3	896
3	1204
3	896
3	1204
3	398
3	126
3	398
3	896
3	1204
3	896
3	398
3	126
3	398
3	780
3	398
3	126
3	896
3	1204
3	896
3	896
3	398
3	896
3	1204
3	896
3	1204
3	896
3	398
3	398
3	126
3	398
3	126
3	398
3	780
3	316
3	780
3	316
3	780
3	316
3	896
3	398
3	896
3	1204
3	896
3	398
3	398
3	126
3	780
3	316
3	780
3	316
3	780
3	316
3	780
3	316
3	896
3	1204
3	896
3	1204
3	780
3	316
3	780
3	398
3	780
3	780
3	780
3	398
3	896
3	1204
3	398
3	896
3	780
3	316
3	780
3	398
3	126
3	398
3	398
3	398
3	126
3	780
3	316
3	780
3	316
3	896
3	398
3	126
3	780
3	896
3	780
3	316
3	780
3	398
3	126
3	398
3	126
14	1400
14	1400
14	9
14	1400
14	9
14	1400
14	1400
14	9
14	617
14	6
14	1400
14	304
14	1400
14	304
14	1400
14	9
14	1400
14	9
14	1400
14	9
14	1400
14	1400
14	304
14	1400
14	9
14	1400
14	9
14	617
14	9
14	1400
14	1400
14	1400
14	9
14	617
14	9
14	1400
14	304
14	1400
14	9
14	1400
14	304
14	1400
14	1400
14	9
14	1400
14	1400
14	304
14	1400
14	304
14	1400
14	304
14	1400
14	9
14	1400
14	9
14	617
14	6
14	1400
14	9
14	617
14	6
14	1400
14	1400
14	304
14	1400
14	9
14	617
14	6
14	1400
14	304
14	1400
14	304
14	1400
14	304
14	1400
14	1400
14	1400
14	304
14	1400
14	9
14	617
14	9
14	1400
14	304
14	1400
14	1400
14	304
14	1400
14	304
14	1400
14	304
14	1400
14	304
14	1400
14	1400
14	304
14	1400
14	304
14	1400
14	1400
14	1400
14	9
14	1400
14	1400
14	9
14	1400
14	1400
14	1400
14	1400
14	304
14	1400
14	9
14	1400
14	304
14	1400
14	1400
14	304
14	1400
14	304
14	1400
14	304
14	1400
14	9
14	617
14	9
14	1400
14	1400
14	304
14	1400
14	1400
14	304
14	1400
14	304
14	1400
14	9
14	1400
14	9
14	617
14	6
14	1400
14	1400
14	304
14	1400
14	9
14	1400
14	304
14	1400
14	304
14	1400
14	9
14	1400
14	9
14	617
14	9
14	1400
14	304
14	1400
14	1400
14	9
14	617
14	6
14	1400
14	1400
14	9
14	1400
14	1400
14	9
14	1400
14	1400
14	304
14	1400
14	9
14	617
14	9
12	550
12	1398
12	550
12	1398
12	550
12	1398
12	550
12	1398
12	550
12	550
12	550
12	550
12	550
12	550
12	1398
12	550
12	550
12	550
12	550
12	550
12	550
12	550
12	1398
12	550
12	550
12	550
12	550
12	1398
12	550
12	550
12	550
12	1398
12	550
12	550
12	1398
12	550
12	1398
12	550
12	1398
12	550
12	550
12	1398
12	550
12	1398
12	550
12	1398
12	550
12	1398
12	550
12	550
12	550
12	1398
12	550
12	550
12	1398
12	550
12	1398
12	550
12	550
12	550
12	1398
12	550
12	1398
12	550
12	1398
12	550
12	550
12	550
12	550
12	550
12	1398
12	550
12	550
12	550
12	1398
12	550
12	550
12	1398
12	550
12	550
12	1398
12	550
12	550
12	550
12	550
12	1398
12	550
12	550
12	1398
12	550
12	1398
12	550
12	550
12	550
12	550
12	1398
12	550
12	550
12	550
12	550
12	1398
12	550
12	550
12	1398
12	550
12	550
12	1398
12	550
12	1398
12	550
12	1398
12	550
12	550
12	1398
12	550
12	1398
12	550
12	550
12	550
12	1398
12	550
12	550
12	1398
12	550
12	550
12	550
12	1398
12	550
12	550
12	550
12	550
12	1398
12	550
12	1398
12	550
12	1398
12	550
12	1398
12	550
12	1398
12	550
12	550
12	1398
12	550
12	550
12	1398
5	145
5	1399
5	145
5	669
5	145
5	669
5	145
5	145
5	4
5	1402
5	71
5	145
5	1399
5	145
5	4
5	145
5	1399
5	145
5	669
5	145
5	1399
5	145
5	669
5	145
5	669
5	0
5	669
5	145
5	669
5	145
5	4
5	145
5	1399
5	145
5	1399
5	145
5	145
5	1399
5	145
5	4
5	260
5	4
5	145
5	4
5	100
5	4
5	145
5	4
5	322
5	1403
5	145
5	1399
5	145
5	669
5	145
5	4
5	945
5	383
5	145
5	145
5	1399
5	145
5	1399
5	145
5	4
5	145
5	145
5	4
5	145
5	669
5	0
5	799
5	145
5	1399
5	145
5	1399
5	145
5	1399
5	145
5	145
5	145
5	4
5	145
5	1399
5	145
5	4
5	145
5	145
5	145
5	669
5	145
5	669
5	145
5	4
5	1402
5	71
5	145
5	669
5	0
5	799
5	145
5	4
5	145
5	669
5	145
5	145
5	1399
5	145
5	145
5	4
5	145
5	669
5	0
5	669
5	145
5	1399
5	145
5	4
5	145
5	669
5	145
5	4
5	145
5	1399
5	145
5	4
5	145
5	669
5	145
5	669
5	145
5	145
5	145
5	4
5	255
5	1397
5	145
5	145
5	145
5	1399
5	145
5	1399
5	145
5	669
5	0
5	669
5	145
5	1399
5	145
5	669
5	145
5	1399
5	145
5	669
5	145
5	145
5	145
5	669
5	145
5	4
5	145
5	1399
5	145
5	145
5	4
5	322
5	1403
5	145
5	4
5	100
5	4
5	145
5	1399
5	145
5	669
5	145
5	669
5	0
5	6
5	145
5	4
5	100
5	4